1.482239
3.259102
2.555042
2.589660
1.989622
1.809610
2.780311
2.690339
4.465152
3.453854
5.946413
4.037066
7.299638
5.292295
8.761828
5.822164
10.097548
7.165986
11.246892
7.744494
12.337943
9.324848
12.939815
10.718436
13.435773
12.082103
14.008820
13.654169
14.667064
15.695747
15.532685
17.764782
17.309992
20.151474
18.203588
22.049137
18.935890
23.825233
19.580936
24.175524
20.771061
25.961475
21.522541
27.647705
22.888920
28.464907
24.027811
30.138147
26.713524
31.237747
29.183582
30.413593
30.242002
31.151855
32.507378
32.916153
35.404587
36.151115
36.924244
37.156181
37.630112
37.772293
37.836079
37.855213
37.903160
37.917542
37.948536
37.957832
37.991089
38.001068
37.989986
37.986664
37.968975
37.963669
37.946915
37.941891
37.903793
37.892365
37.852921
37.841087
37.774975
37.755142
37.679535
37.656853
37.596638
37.578575
37.456356
37.419689
37.354179
37.334526
37.200054
37.159714
37.078373
37.053970
37.273167
37.338924
37.242123
37.213081
37.103695
37.070881
36.944286
36.460758
36.213531
36.287640
36.117477
36.220913
36.086983
36.302277
36.140106
35.653728
35.384281
35.532646
35.452236
35.469379
35.239429
35.299416
35.038765
34.524326
34.253845
34.304371
34.158989
34.311829
34.096352
34.154362
33.997425
34.067497
33.874626
34.081032
33.980339
34.070911
33.926933
33.262379
32.892296
32.952709
32.706348
33.041893
32.824688
32.882202
32.755432
32.920361
32.730064
32.848705
33.361706
33.620190
33.560898
32.906307
33.276779
32.739788
32.363220
32.422611
32.110100
32.173737
32.054401
32.242161
32.094429
32.188305
32.040180
31.270924
30.836426
30.937786
30.553669
30.776907
30.690489
30.815556
30.519775
29.615822
30.225939
29.653145
29.309433
29.482590
29.329853
29.470972
29.330994
29.513250
29.375484
29.528620
29.359478
29.581366
29.418079
29.553143
29.409523
29.532398
29.344946
28.554890
29.170010
28.513824
28.178919
28.223995
28.085617
28.348465
28.213490
28.496029
28.338120
28.450504
28.224390
28.328915
28.189352
28.356497
28.218361
27.456245
26.828257
26.836262
26.653891
26.936279
26.791946
26.954065
26.620506
26.987709
26.917225
27.132557
26.975349
27.126516
26.972376
27.056885
26.898785
26.995922
26.795630
27.030951
26.795635
27.079521
26.956549
27.109417
26.975601
27.050173
26.723885
26.865568
26.693026
25.759253
25.056528
25.212969
25.105976
25.470921
25.335899
25.522949
25.133053
25.225760
25.040550
25.126627
24.745640
23.602232
23.061308
23.198780
23.055338
23.456541
23.075657
23.321629
23.142160
23.463711
23.348076
23.546963
23.399504
23.777912
23.658895
22.683174
22.162806
22.397196
22.243805
22.392872
22.262413
22.663361
22.372141
22.419699
22.084202
22.293968
22.110437
22.301476
22.147825
22.494398
22.193766
22.284159
21.894876
21.968554
21.743418
21.822201
21.659031
21.903961
21.602182
21.750786
21.624863
21.937267
21.769869
22.048080
21.902084
22.083378
21.904274
22.282804
21.891235
21.957533
21.527765
21.793850
21.532145
21.651236
21.335175
21.777933
21.463280
21.739799
21.630455
21.888866
21.737703
22.004789
21.840431
19.839853
18.974487
19.161619
18.983410
19.308346
18.819529
19.206247
18.984789
19.158461
18.923225
19.103397
18.858110
19.238895
18.870768
19.283075
19.099142
17.852966
17.025105
17.040709
16.822304
17.187132
17.107414
17.366261
17.099995
17.361761
17.180714
17.389526
17.180935
16.023470
15.390351
15.442868
15.077231
15.341916
15.056731
15.426144
15.252254
15.403938
13.564255
13.341360
12.975844
13.166599
13.023625
13.206791
12.744267
13.030858
11.581135
11.450534
11.059460
11.406744
11.283546
11.440367
9.937418
9.756625
9.487024
9.640154
9.463469
8.496411
8.007640
8.337070
7.996263
8.069052
6.812020
6.783588
6.567254
6.642768
6.445457
6.555102
5.425072
5.267007
5.026609
5.115777
3.975462
3.779345
3.566252
3.664608
3.533317
2.931055
2.602726
2.620945
2.421869
1.910248
1.572959
1.568586
1.479620
1.088824
0.860714
0.836993
0.771830
0.555496
0.431837
0.428733
0.390874
0.321247
0.300451
0.292536
0.292428
0.363113
0.422812
0.386281
0.411173
0.606254
0.732973
1.067855
1.248579
1.157642
1.206128
1.630754
1.859513
2.427641
2.712047
3.410842
3.911887
4.803775
5.368690
6.338353
6.804283
6.077726
6.165549
6.951541
7.346822
7.310311
7.648997
8.450597
7.854532
8.490031
8.922739
8.679908
8.905439
8.836406
9.154481
9.030348
9.241914
8.906736
8.970375
8.801827
8.916293
8.594692
8.684812
8.544233
8.924014
8.878036
9.061852
8.686584
8.877003
8.717457
8.857872
8.717477
9.009042
8.916945
9.069012
8.912322
9.033136
8.875407
9.050984
8.912774
9.113123
9.022888
9.199810
8.899254
9.006618
8.742305
9.007140
8.875305
9.031668
8.899261
9.014596
8.705284
8.795463
8.472978
8.883933
8.797578
8.976610
8.870622
9.108212
8.860701
9.122437
9.054988
9.234175
9.063632
9.313392
9.190653
9.452725
9.329146
9.480212
9.089394
9.181827
8.828444
8.919868
8.658639
8.908705
9.743850
9.245501
9.771016
9.054203
9.731183
10.160798
10.085552
10.230703
10.057419
10.437050
10.340380
10.656748
10.565185
10.728808
10.313252
10.616615
10.439653
10.744973
11.732683
12.318632
12.245094
12.418110
12.070466
12.213836
12.001636
12.359617
12.087333
12.232650
12.089885
12.615198
12.613475
12.904105
13.879429
14.437009
14.378319
14.576727
14.401157
14.724624
14.568851
14.727644
14.437471
14.613685
14.344933
14.414540
14.184079
14.327610
13.880151
14.111882
13.910126
14.214187
14.123575
14.272001
13.845863
14.001890
13.814366
14.019884
13.748441
13.949374
13.796214
14.112711
13.893316
14.075397
13.916186
15.473758
15.712590
15.976020
15.838720
16.023977
15.604957
15.727854
15.526448
15.714041
15.526694
15.863289
15.704149
15.843163
15.648960
17.029675
17.186125
17.469309
17.099876
17.224636
17.019575
17.210409
17.015728
17.214394
16.999176
17.180571
16.847300
16.976385
17.792944
20.321331
20.833630
21.270208
20.940220
21.243023
22.451250
23.564999
23.407900
23.704948
23.461716
24.071404
23.853600
23.995880
23.792847
23.956314
23.688658
23.995703
23.758289
23.942743
25.021048
25.568882
25.496279
26.143398
26.105185
26.370699
27.475073
28.084805
28.064972
28.559420
29.459576
29.953793
29.744888
30.030949
31.024961
31.536505
31.328968
31.459831
32.340050
32.778515
32.564537
32.749081
33.561340
33.972107
33.896488
34.228249
34.085457
34.948254
34.969055
35.207581
35.105057
35.857174
35.986664
36.134533
36.082516
36.222271
36.696075
36.937393
36.817722
36.876850
36.802597
37.315990
37.371304
37.460804
37.707165
37.822392
37.791935
37.844090
37.961048
38.005177
38.010807
38.024429
37.984753
37.942104
37.774010
37.629791
37.643024
37.566929
37.242615
37.071785
37.162643
37.089672
37.148129
37.044979
36.580585
36.293568
36.311329
36.166843
36.408413
36.387699
36.490803
36.318306
35.793812
35.530552
35.671844
35.496048
35.575191
35.483463
34.924522
34.436832
34.521881
34.418545
34.530453
34.431194
33.818554
33.279053
33.294266
33.144707
33.283192
33.131084
33.359074
33.290524
32.592216
32.848320
32.266388
31.869047
31.907698
31.546597
32.621639
31.911777
32.782761
32.784275
32.047649
31.623676
31.857832
31.663694
31.904150
31.823547
31.088802
30.522158
30.520096
30.376495
30.547516
30.305943
29.585201
29.169243
29.251740
28.805815
29.192032
29.140701
28.320524
27.797852
27.883797
27.721579
27.871902
26.159012
26.411808
24.449053
24.090109
23.599392
23.747580
23.575546
22.334038
21.751373
21.822071
20.881344
21.024569
20.804998
19.778303
19.130127
19.139307
18.896965
19.155544
18.961912
19.209278
19.031422
19.307837
21.316809
22.290522
22.378471
22.659389
22.296755
22.592396
22.408485
22.544125
22.360147
22.531841
22.368088
22.568459
22.358028
22.543137
22.367790
22.708397
22.625887
22.787468
22.470438
22.588783
22.326675
22.481737
22.238649
22.399590
21.996441
22.126040
21.826591
20.764477
20.204916
20.284710
20.108267
20.285368
20.134502
20.370630
20.243849
20.458712
20.332380
19.419424
18.727247
19.207901
19.065960
19.339128
19.027136
19.562260
19.411758
19.557661
17.987619
17.721764
14.922310
14.466895
14.127952
12.962034
12.140244
12.114175
11.898476
12.501633
12.487650
11.484065
10.819289
10.902708
10.452311
10.829467
10.488259
10.629052
10.481184
9.602499
8.889171
8.910950
8.549616
8.651040
8.501711
8.667131
8.399483
8.612536
8.487628
7.560172
6.909292
7.157640
7.085452
7.226923
6.070890
6.033044
5.728834
5.795343
5.638629
4.838960
4.319997
4.384228
4.282787
4.439275
3.360892
3.177011
3.006237
2.500562
2.199159
2.237410
2.158006
1.706018
1.494651
1.578402
1.506672
1.136290
0.958721
1.052952
0.701299
0.653984
0.583477
0.440392
0.365002
0.373045
0.321255
0.300248
0.304619
0.393526
0.464848
0.434732
0.461941
0.654447
0.759693
1.071209
1.245746
1.224227
1.287984
1.623196
1.805064
1.776206
1.944260
2.419419
2.681290
2.645882
2.821388
3.322228
3.620317
3.584090
3.846252
3.514039
3.528853
3.269644
3.369251
4.003494
4.347706
4.290078
4.478117
4.417362
4.585498
5.127167
5.439150
5.347858
5.590693
5.357371
5.456692
5.273361
5.595402
5.428394
5.499986
5.336279
5.641115
5.485857
5.584764
5.470607
5.725100
5.499397
5.586368
5.489202
5.635213
5.426306
4.773505
5.238734
4.774921
4.294673
4.325209
4.212438
4.363585
4.216861
4.366185
4.279494
4.427208
4.316566
4.457641
4.290238
4.478438
4.315091
4.388965
4.287279
4.538224
4.493597
4.685278
4.203748
4.345067
4.241356
4.351031
4.197431
4.346710
5.589236
6.276083
6.282486
6.480647
5.803723
5.766183
5.616310
5.788824
5.693187
6.059246
6.756207
7.151873
7.055615
7.458444
7.399906
7.596291
7.481741
7.841281
8.746154
9.210333
9.149706
9.345747
9.243666
9.520612
9.285402
9.411823
9.191954
9.353697
9.151720
9.432146
10.199000
10.592203
10.404894
10.524326
10.346164
10.686011
10.608521
10.754309
10.615059
10.742910
10.604415
10.770384
10.649137
10.834416
10.516002
10.928335
10.794596
11.030556
11.875631
12.481395
12.371162
12.538042
12.234017
12.381253
12.237185
12.464933
12.358430
12.509776
12.132330
12.193051
12.025229
12.223731
12.110682
12.236017
11.938281
12.023574
11.611503
11.784911
11.421140
11.795512
11.732893
11.900901
12.660030
13.195090
12.981614
13.124854
12.984387
13.251250
13.006292
13.215996
13.086081
13.640082
13.388034
13.544703
13.430063
13.673609
13.541887
13.783182
14.694611
15.181021
15.106879
15.273970
14.929832
15.036166
14.897604
15.275793
14.877199
14.978111
14.814324
15.001349
14.759164
15.107190
16.246868
16.787716
16.756245
17.046217
16.893562
17.084288
16.913971
17.051626
16.842613
18.339375
18.506586
18.956005
18.741234
20.971535
22.694462
23.436352
23.299528
23.500256
23.237476
23.432720
23.217070
23.441893
24.638470
25.472414
25.482908
25.748821
25.620533
25.908504
25.803249
26.005394
25.654940
25.857878
25.691074
25.841410
25.532650
25.693327
25.497206
25.632076
26.517910
27.036499
26.983963
27.193567
26.925117
27.080698
26.875576
27.176825
26.933292
27.248835
27.046309
27.450510
27.353456
27.512785
28.393364
28.863384
28.767464
29.179342
28.778755
30.013191
30.225060
30.493023
30.110559
31.387066
31.596365
31.887856
31.630459
32.831726
33.024982
33.282463
34.049492
34.576088
34.516155
34.616543
35.195438
34.715801
35.156731
35.447239
35.365719
35.515747
35.383728
35.631882
34.879601
35.442371
33.165211
35.537487
31.302046
35.060215
31.594086
35.612381
31.701628
35.620972
30.805595
35.329460
30.633158
35.553638
30.782661
35.640362
30.944670
35.856461
30.897272
35.856255
31.171822
35.959106
31.334301
36.012215
31.214756
35.813663
31.130947
35.846771
31.121935
35.542336
31.110647
35.036552
31.683802
34.731583
30.121603
34.655952
35.558071
30.774172
34.946720
36.976536
32.038021
35.463318
32.403591
35.113724
31.519873
35.922585
34.994709
36.790432
35.385349
36.810429
34.857162
34.038277
34.101578
33.985584
34.080849
34.219093
34.373665
34.312778
34.432217
34.343372
34.463642
34.378731
34.681812
34.668205
34.836990
34.720196
34.170040
33.812965
33.842167
33.726837
33.854713
33.503017
33.587036
33.469658
32.720734
32.173420
32.146309
31.994417
32.145096
32.017502
32.104256
31.991934
32.097244
31.860418
32.027466
31.937126
32.292831
32.056992
32.134987
31.988146
32.180576
32.041237
32.158733
31.073872
31.006054
30.649935
30.780899
30.661411
30.127104
29.618568
29.669943
29.486723
29.674982
29.301594
28.371067
27.872204
27.916693
27.679783
27.781649
27.567236
27.695709
27.476837
27.795033
27.714989
27.892191
27.717869
27.880222
27.723072
28.059019
27.969009
28.119041
27.928141
27.025541
27.640215
26.923414
26.479910
26.522097
26.165745
26.363050
26.229681
26.558720
26.274052
26.425743
26.073702
26.159904
26.005981
26.165377
26.018812
26.207975
26.008013
26.193892
26.074135
26.454676
26.367088
26.570690
26.240322
25.270128
24.751604
24.809925
24.607857
24.827034
24.593552
24.706453
24.544899
24.726027
24.561085
24.686790
24.383886
23.333771
22.802795
22.860432
22.627602
22.785421
22.432564
22.677410
22.502316
22.825212
22.643394
21.821281
21.333208
21.372650
21.116863
21.253046
20.897184
21.248810
21.086531
21.252102
17.112724
16.121420
15.471219
15.666631
15.183840
15.342092
15.128160
15.473182
15.311377
14.210318
13.435429
13.693994
13.544065
13.695206
13.280264
13.331788
11.849779
11.690674
11.427803
11.665933
11.431101
10.633010
10.197666
10.275435
10.058682
10.279588
8.704388
8.759962
8.533834
8.699028
7.422726
7.358968
7.131907
7.277571
6.111185
5.966672
5.636933
5.873300
4.868063
4.713533
4.520094
4.851096
4.588173
3.936307
3.562363
3.538778
3.386394
3.678345
2.895571
2.766412
2.615972
2.811090
2.679561
2.111497
1.843197
1.977550
1.924772
2.150652
1.573312
1.485898
1.332791
1.458431
1.360981
1.023273
0.819401
0.827473
0.751382
0.867255
0.561162
0.513408
0.471972
0.360948
0.317484
0.310877
0.337752
0.489914
0.592927
0.499911
0.503245
0.734851
0.900940
1.305358
1.550167
2.102021
2.422367
2.421606
2.645771
2.552603
2.632926
2.496144
2.638671
3.296463
3.641535
3.365351
3.533349
3.447088
3.558717
3.317742
3.409265
4.124365
4.476983
4.416120
4.811319
5.742204
5.209687
5.210284
4.544456
5.020977
5.419069
5.215746
5.280989
6.011328
6.641739
6.627014
6.823535
6.704100
6.916938
6.659945
6.758298
6.636874
6.834095
6.578159
6.663227
6.511606
6.758312
6.449344
6.507706
6.341998
6.458330
5.425485
5.247880
5.868217
6.222274
6.118736
6.227758
6.116520
6.314888
6.187853
6.301252
7.099727
7.530356
7.487905
7.642652
7.478119
7.581073
7.411440
7.509777
7.344802
7.631212
7.402796
7.477199
7.337096
7.662886
8.431428
7.826245
8.297956
8.674814
8.627333
8.804649
8.683489
8.974209
8.828789
8.995950
8.887445
9.223622
9.137533
9.323106
10.088043
10.554518
10.481709
10.640274
10.483799
10.823002
10.644162
10.755976
10.606603
10.957192
11.989088
12.544045
12.377871
13.066810
13.065065
13.211963
13.014654
13.135332
12.787769
12.898672
12.693371
12.827863
13.777694
14.272452
14.185068
14.503705
14.339393
14.570963
14.254851
14.377303
14.153612
14.511233
14.106446
14.231550
13.959764
